CoVID-19
16
1.32
26.3
China Baja 2019-12-01

7
ASEAN
	UE
	NAFTA
UE
	NAFTA
	ASEAN
CEI
	UE
	ASEAN
NAFTA
	ASEAN
	UE
CAN
	NAFTA
	MERCOSUR
UA
	UE
MERCOSUR
	CAN
	CEI

Estados Unidos
	NAFTA			432529	075000
	328239523				175000
	19				0.4018	020000
	52		0.20	2.6201	250000
	29		0.60	667000	100000


Mexico
	NAFTA			226718	01000
	127575529				00500
	19				0.3284	01500
	45		05.2	10		02000
	36		10.7	1851800	12000


Canada
	NAFTA			103687	15000
	37589262				25000
	10				0.3347	00500
	58		0.00	7.6165	12000
	32		0.30	72800	20000


Reino Unido
	UE				255030	30000
	66834405				05000
	11				0.6498	15000
	58		0.00	11.9699	1000000
	30		0.10	136000	15000


Islandia
	UE				1674	010
	361313					100
	3				0.4062	050
	70		00.1	66.1476	050
	27		33.3	3000	050


Italia
	UE				170430	2500
	60297396				1800
	11				0.8176	5000
	52		0.10	25		5000
	37		1.50	419400	0100


Alemania
	UE				297375	3000
	83132799				1750
	7				0.4934	5000
	64		0.00	69		8000
	28		0.10	203000	100000



Noruega
	UE				24356	100
	5347896					100
	14				0.5738	100
	80		0.00	70.0	600
	7		0.10	2000	1000


Ucrania
	CEI				80400	45
	44385155				30
	16				0.2805	25
	13		0.80	52.0	100000
	71		7.50	43000	35


Rusia
	CEI				124192	0150
	144373535				0200
	5				0.3892	0200
	47		2.90	70.0	8000
	48		22.1	43000	8000



China
	ASEAN			423649		050
	1397715000					400
	1.44			0.2993		400
	50.79	6.10	70			500
	47.77	7.80	69800000	100


Japon
	ASEAN			55014	010
	126264931				030
	9.10			0.6004	600
	90.0	0.40	3.6		100
	0.90	0.00	27300	300


Corea del Sur
	ASEAN			78668	10000
	51709098				0010
	13.0			0.4991	1000
	65.7 	0.00	64.6	1000
	21.3	0.20	150000	1000

India
	ASEAN			73740	030
	1366417754				150
	58.2			0.3218	150
	25.6	31.1	93		100000
	41.6	0.00	4206600	100


Vietnam
	ASEAN			24670	20
	96462106				50
	80				0.3094	20
	14		19.1	9.33089	50
	6		21.7	240100	20


Australia
	ASEAN			31846	100
	25364307				400
	10.0			0.3956	300
	58.0	0.00	19		450
	32.0	0.40	3800	500


Uganda
	UA				1556	1
	44269594				1
	58.3			0.5164	10000
	22.0	13.1	52		10000
	19.7	0.00	111100	50



Sudafrica
	UA				20540	01000
	58558270				00100
	1.8				0.2639	15000
	29.7	27.5	80		100000
	68.4	15.0	1140000	100000



Kenia
	UA				2813	50
	52573973				50
	14				0.1956	10000
	49.9	36.4	66		30
	36.1	21.1	105000	15


Israel
	UE				25148	5000
	9053300					1000
	25.0			0.2383	8000
	54.0	0.00	22.8784	0200
	21.0	0.00	50800	0200


Venezuela
	CAN				2956	1000
	28515829				0400
	5		0.6258			10000
	17.7	11.5	68		1000
	77.3	24.4	445400	0500


Colombia
	CAN				12271	1000
	50339443				0150
	30.0			0.2210	7500
	50.0	11.4	47.2	7500
	20.0	8.10	987400	100000


Peru
	CAN				8972	0030
	32510453				30
	35.2			0.2358	10000
	44.29	7.60	50		3000
	20.5	8.60	475300	10000


Argentina
	MERCOSUR		79773	00300
	44938712				00030
	28.9			0.7874	10000
	54.5	4.30	70		100000
	16.6	2.20	797000	100000


Brasil
	MERCOSUR		29118	02000
	211049527				250000
	31.5			0.2867	250000
	48.6	13.4	75		250000
	18.4	15.4	7223000	50000



